// Created with X3 Editor 2 (2.0.27.0)
// Plugin T File Editor (1.1.19.0)
47;8;
27;154;0;0;0;0;2713;33;1000;1;0.99;1;84;20;1;1;120;-100;1120;0;SS_SHIELD_A;
27;155;0;0;0;1;2723;83;5000;1;0.95;3;360;17;1;1;400;-100;1120;0;SS_SHIELD_B;
27;156;0;0;0;2;2733;250;25000;1;0.9;10;1320;13;1;2;1920;333;1120;0;SS_SHIELD_C;
27;157;0;0;0;3;2743;1500;200000;1;0.9;25;2400;10;1;3;3240;333;1120;0;SS_SHIELD_D;
27;157;0;0;0;4;7853;2000;1000000;1;0.9;77;4680;8;1;4;5760;3333;1120;0;SS_SHIELD_E;
27;157;0;0;0;5;7863;2000;2000000;1;0.8;222;11520;6;1;4;15360;3333;1120;0;SS_SHIELD_F;
27;157;0;0;0;6;89460;2500;5000000;1;0.85;400;30120;6;1;4;35320;10000;1120;0;SS_SHIELD_G;
27;157;0;0;0;7;89470;2500;10000000;1;0.78;750;62124;6;1;4;71310;10000;1120;0;SS_SHIELD_H;
